#I=0,2,0.0005; plot data from Uniforme-B.vsm @ Fri Jun 27 10:55:20 2008
0.14171894624098
0.18637809653809
0.19701894150319
0.16216717094767
0.081169240079729
-0.034082165522185
-0.16097480406808
-0.27128355361237
-0.33826721679059
-0.34382297621776
-0.28370214101598
-0.16931755594351
-0.025597166059514
0.11462436457363
0.21833011932487
0.26034627508508
0.22982330167731
0.13368541693968
-0.0038147743935396
-0.14554633586116
-0.24929620927749
-0.27754305232658
-0.20727784197634
-0.037629262928296
0.2068557829375
0.47879002487741
0.71670633689549
0.8587393721936
0.85835262706025
0.69812411110196
0.39748052196747
0.011399641637505
-0.3806339090895
-0.69329977691414
-0.8570769966154
-0.83682833397072
-0.64176016431632
-0.32344895165956
0.037890655717117
0.35510698780522
0.55746332865031
0.6087671986866
0.51506361726369
0.32002190709393
0.090030994811912
-0.10589868480947
-0.21507566749469
-0.21348392308777
-0.1087648917045
0.065679422904026
0.26225633177112
0.43202033837873
0.53494099282896
0.54561526635736
0.45463417470199
0.26735033466165
0.0020677368197858
-0.31125534732031
-0.63219798500071
-0.91252370246211
-1.1019181771413
-1.1572684139567
-1.0539625467208
-0.79585978148748
-0.41986922633672
0.0079608113988705
0.40544653621133
0.69377782884132
0.81827418122933
0.76406397870185
0.5614361755153
0.27856813781526
0.003199584215898
-0.18169680968144
-0.22127483451416
-0.10447797591321
0.13244638799637
0.41550838861058
0.65288024380146
0.75968240444001
0.68107466368749
0.40772228494349
-0.020197563095033
-0.52135504559696
-0.99189100088927
-1.3297824092436
-1.4590853279671
-1.3482042503813
-1.0177059028823
-0.53566164699504
-0.0015295701218428
0.47753320133784
0.81204415562404
0.95085659640531
0.89186187537356
0.68008710087604
0.39389787617027
0.1231562252893
-0.054762075359222
-0.094787677372881
0.0051500470846405
0.2049408878372
0.43394568634817
0.61013880372867
0.66177168822513
0.54627092583366
0.2619946661111
-0.14975071016889
-0.61284112504962
-1.0328439657083
-1.3183410871604
-1.4023562622657
-1.2589250626717
-0.91064357990897
-0.42487146871392
0.10110414627864
0.5627722341455
0.87348330442732
0.98542591419632
0.90075428367477
0.66960716489495
0.37534274249796
0.11095814932564
-0.046755325234392
-0.05809697429942
0.069380622568988
0.28406874400475
0.50568038478813
0.64828706540529
0.64457803531639
0.46485802192299
0.12598471588428
-0.3117484184589
-0.75867995656598
-1.1170937794574
-1.3045153266801
-1.2734432297093
-1.0229073633321
-0.59915802792531
-0.08527319391554
0.41796088385026
0.81541545750563
1.0395971588582
1.0657911557765
0.91649362375471
0.65391573496715
0.36245811058811
0.12577238978383
0.0045377740808773
0.020895804849455
0.15362695765107
0.34516251450289
0.51829012643315
0.59787056772839
0.53171901341189
0.305257375079
-0.053623723578438
-0.48044552617381
-0.88905878095772
-1.1918193153223
-1.320162075302
-1.240774621994
-0.96366120052684
-0.54024431672687
-0.051906069481859
0.40842429380768
0.75735296524978
0.93974130035626
0.94051163317262
0.78661747134269
0.53864842520625
0.27420983313103
0.067411585377148
-0.030167948836174
-0.0021188579381323
0.12971301902406
0.3122250160274
0.47600557118645
0.55413196068578
0.49994684544127
0.29946152087016
-0.024407975354747
-0.41648062354864
-0.80147144995688
-1.1007316316428
-1.2497961148538
-1.212926774721
-0.99149826408541
-0.62434535850497
-0.17984996255171
0.25867373565309
0.61117488928674
0.81853756142695
0.85555286620552
0.73601773652326
0.5085707587468
0.24404357501219
0.017325096388428
-0.11172266858507
-0.11343643734212
0.004267755619423
0.19817370519699
0.40109520022005
0.53940234532375
0.55236697258913
0.40851973243833
0.11497881964558
-0.28256486193461
-0.70927814233684
-1.0778636401293
-1.308607845029
-1.3480967209062
-1.1821285984336
-0.83967863549184
-0.38688343050494
0.08766647222261
0.49297709638588
0.75635300157019
0.83981365688976
0.74823841619682
0.5272197155279
0.25114694980547
0.004376553000658
-0.14012399012487
-0.13957094455924
0.0070985663492313
0.25805835740907
0.53846705555119
0.7592994912661
0.84065640805169
0.73374113331617
0.43569441601216
-0.0070497845023707
-0.50840102832359
-0.96323524618633
-1.2737526790774
-1.3743843781512
-1.2482343388992
-0.9303774374007
-0.49716910764037
-0.044901704326667
0.33572060705914
0.58170329237296
0.67027463916506
0.619100638251
0.47563899625747
0.30027981303
0.14919061632882
0.061835218363055
0.055585774475202
0.12689411522693
0.25643809785849
0.4151160657184
0.56877167615098
0.68146193465381
0.71874822123697
0.65275142979134
0.46941925798343
0.17627485808882
-0.19277794353909
-0.57917010425806
-0.90977454395913
-1.1141513068263
-1.1443353284897
-0.99057829270495
-0.68689226009575
-0.30333811990828
0.073328417934722
0.36466259630517
0.5228145947376
0.54248038924277
0.45859321571797
0.33098939573231
0.22198470977511
0.17519314255101
0.20304417751923
0.28679742694853
0.3879383362603
0.46557732310745
0.49253941004755
0.46392211590679
0.39540611368843
0.31296828353894
0.2391298530843
0.1820563999967
0.13220269779237
0.067712774962644
-0.033938021774225
-0.18314494494489
-0.36976152696966
-0.56288591460762
-0.71932493150461
-0.79771804151616
-0.77299524188775
-0.64568713627332
-0.44271651345008
-0.20943349785508
0.0042796600735499
0.1590069540007
0.23680889252443
0.24468671880351
0.20969532298842
0.16781971902758
0.15074483110925
0.17507553749715
0.23745725485485
0.31690889802569
0.38318899173928
0.40806479633558
0.37551285075191
0.28743738649653
0.16315734797561
0.033022813140392
-0.071633162717808
-0.12885230554122
-0.13326092604741
-0.097770501562427
-0.049263578837721
-0.019747471991872
-0.035825682032133
-0.10972761589848
-0.23464854953863
-0.38597967440479
-0.52816358153114
-0.62495495362078
-0.64984133047532
-0.59347367039419
-0.46598795744888
-0.29369140842755
-0.11128943109443
0.047851128940688
0.16038120107656
0.21808997283457
0.22825749129856
0.20954639122914
0.1850642240786
0.17491517054273
0.19045433597604
0.23166201666303
0.28793852171728
0.34164810634518
0.37316500309097
0.36596615184214
0.31066829871068
0.20745751329183
0.066770210177497
-0.091805153744926
-0.24239459369112
-0.35732199196719
-0.41276139196666
-0.3946202325738
-0.30330175640241
-0.1558736608709
0.015550564372345
0.16977007110567
0.26597153038203
0.274495572257
0.18575566527429
0.014415752362515
-0.20291772681703
-0.41638145893953
-0.57577758291767
-0.64404252068568
-0.6071791654144
-0.47759384816178
-0.28977988216868
-0.089695443235748
0.078837942437585
0.18644754312243
0.22545472669545
0.21004707772375
0.16966687638896
0.13800487041815
0.14125199888148
0.1893132168007
0.2726382346068
0.36552884507332
0.43475198386625
0.45065874159687
0.39730002653317
0.27845406023884
0.11772508696684
-0.047402517029245
-0.1758926070842
-0.23497980898612
-0.21020394067343
-0.11061533831478
0.032637676698186
0.17422263994682
0.26694317190632
0.27508020872582
0.18500389845013
0.0098750243981487
-0.2131815196077
-0.43285969132697
-0.597653913447
-0.66994200551677
-0.63600954360826
-0.50903836546629
-0.32421199647667
-0.12751160330931
0.038226242257324
0.14557201535001
0.18926589490576
0.1854970327851
0.16421997469361
0.15729413280654
0.18655148841582
0.25582052133819
0.34955579277046
0.43847405426034
0.49020724774612
0.48126727823291
0.40613426215164
0.28024013521688
0.13564751135887
0.010708779879134
-0.062947610320845
-0.071696751451631
-0.025412294256886
0.04498345202798
0.097375718296442
0.092584470127245
0.0081746492635287
-0.15268604869987
-0.3605053237671
-0.56743434823809
-0.72146398716882
-0.78216482786003
-0.73276570627687
-0.58463434746751
-0.37280591599571
-0.14424933487065
0.05694465896683
0.20225211161336
0.28500678781446
0.31856680943657
0.32769142029918
0.33687904239429
0.36031650955713
0.39724077309432
0.43416548920374
0.45256272312147
0.43837226723319
0.38912292243686
0.3155697034896
0.23717092199152
0.17342867665701
0.13492331752169
0.11801499918072
0.10561409743749
0.07388235932609
0.0022307643823936
-0.11731348348607
-0.27515367131317
-0.44567439383597
-0.59485257905788
-0.69099297274125
-0.71450100940207
-0.6632080311812
-0.55163217889014
-0.40488889099359
-0.24984201789943
-0.10698468891152
0.014018976418147
0.11393494793334
0.19959612476876
0.2779441472136
0.35116987750116
0.41490024518991
0.45990292271814
0.47621044363923
0.45757159978209
0.40414948162998
0.32237115057902
0.22222779423666
0.11348325952285
0.0026860057922304
-0.10759628509343
-0.2169597653986
-0.32365726525989
-0.42117025336387
-0.49677096196592
-0.53325789572711
-0.51375759361481
-0.42799945855237
-0.27766151050454
-0.078634633970347
0.14090500712086
0.34635618718228
0.50490545048403
0.59357659876334
0.60451068844105
0.54582232172508
0.43794947148505
0.30689749578226
0.1766563658984
0.063187693322454
-0.028246554661503
-0.10183790151838
-0.16688521684531
-0.23220108494091
-0.30139078406408
-0.37061877887868
-0.42947743191539
-0.46445576899494
-0.46366438461089
-0.42114641316329
-0.33935359920272
-0.22907883962197
-0.10700101852845
0.0083011122945661
0.10064959383113
0.15970031675405
0.18267836960399
0.17414213382037
0.14405434790349
0.10481804954413
0.068093339195502
0.042146944404453
0.030300308158546
0.030731100183598
0.037558888605379
0.042894508764564
0.039335640589865
0.022297544789489
-0.0084388781539975
-0.048408839753718
-0.089519757471658
-0.12225447033557
-0.13843456858588
-0.13374694722604
-0.1092399063342
-0.071280885037972
-0.029943922983369
0.0037221733152488
0.020738942388821
0.016620934135779
-0.0075629269193117
-0.045766472352932
-0.088927000386425
-0.12761419901799
-0.15448815318612
-0.16581847377723
-0.16170377685516
-0.14510794049897
-0.12023424709866
-0.090937527497283
-0.0597805686727
-0.028005364003586
0.0037285103149347
0.034322502543995
0.06153687619287
0.082050607298161
0.092372800794963
0.090297880614723
0.076295459527593
0.05419105238107
0.030712746980254
0.013877125819108
0.010635179049276
0.024546495035714
0.054316691233806
0.093782616973389
0.13345650330246
0.16320703827676
0.17525606910849
0.16652658742661
0.13957124737875
0.10176760443685
0.063038692595233
0.032848152872729
0.017427966913204
0.018108670049328
0.031236929183648
0.049628599275663
0.065016472173035
0.070664497732706
0.063327170054513
0.043990921593557
0.017270363294666
-0.010226693720824
-0.031962048598771
-0.043275582654589
-0.042414249894499
-0.030574077820553
-0.011100208444948
0.011757709390288
0.034057105905619
0.052966911073619
0.066996998867259
0.075725532254948
0.079289081010611
0.077947808914692
0.071950779170361
0.061752208523966
0.048428523018157
0.034013038693864
0.021474232879248
0.014191783648608
0.014983449607658
0.024973051185593
0.042731485286807
0.064111406786685
0.083024834758688
0.093094397341353
0.089742480201696
0.072039836154019
0.043611348320503
0.012132697093383
-0.012605959858028
-0.021560601159565
-0.009297906962055
0.024167377209331
0.07332271739654
0.12906942222964
0.18205063257211
0.22625293103807
0.26153590650514
0.29401955248766
0.33398001894826
0.39182806824331
0.47352079975399
0.57708498059656
0.6916570185568
0.79961862905687
0.88130386391422
0.92079797575166
0.91088008654595
0.85538154783049
0.76808480455819
0.66847742778646
0.57576414845308
0.50314841510748
0.45427976827242
0.42299659674034
0.39633643656161
0.3596668345318
0.30210528411607
0.22037882336712
0.119895181246
0.012824159401606
-0.08598098680801
-0.16370721344226
-0.21330982499989
-0.23507938542721
-0.23571706679337
-0.22546516795447
-0.21446072440016
-0.20963332828981
-0.21314483070785
-0.22271330720356
-0.23345620985826
-0.24039778652937
-0.24064210926812
-0.23444492951465
-0.22491351112871
-0.21661540742797
-0.21374724785229
-0.2186072972176
-0.23092578075578
-0.24821930008546
-0.26691903431702
-0.28374460350189
-0.29677137782946
-0.30583799914127
-0.31225524076388
-0.3180602596847
-0.32518918995975
-0.33489174939259
-0.34753050861384
-0.36272526467491
-0.37968163020151
-0.39750429495396
-0.41536165470441
-0.43251509763889
-0.44830204662627
-0.46211183110005
-0.47335476484885
-0.48143565449264
-0.48575621377206
-0.4857557244191
-0.48097086594691
-0.47111771266911
-0.45625017856524
-0.43704544080066
-0.4151454922097
-0.39332469255465
-0.37519451123376
-0.36429665403923
-0.36273716246645
-0.36980641270572
-0.38118152687282
-0.38927077579442
-0.38499033962239
-0.36076699720826
-0.31396184754659
-0.24951288710177
-0.18065993453584
-0.12709364772998
-0.11051438294595
-0.14830792120571
-0.24677672519376
-0.39591099976606
-0.56775900470782
-0.71984631575064
-0.80383157118281
-0.77800356816173
-0.62071560104509
-0.34090094689563
0.01820153957906
0.38475234381559
0.67363139775844
0.80839861189341
0.74411652099573
0.48396019805145
0.083381797383408
-0.36130266089171
-0.73824089768448
-0.95251271581878
-0.9555013252221
-0.76084116449443
-0.44041165570328
-0.10048100272613
0.15468533156721
0.25928965960538
0.2091980122707
0.062622466507964
-0.082988166292126
-0.13005577256314
-0.021535165589414
0.23268224799581
0.55468752350179
0.82448700405842
0.9240700262935
0.78314036014349
0.40870407766738
-0.11348346820989
-0.6467880738871
-1.0505891560132
-1.2283623216059
-1.1585722709099
-0.89675911710806
-0.5486632003274
-0.22584607123822
-0.0022037423111587
0.11092750963793
0.16140956865321
0.22704035691008
0.37374636912052
0.61980446427215
0.92188991397324
1.1891526263713
1.3194254103145
1.2422624780832
0.95066612981824
0.50814078075586
0.028072198271964
-0.36604255963205
-0.58323700370672
-0.59355438218366
-0.43176960787925
-0.17646899861247
0.085180853153779
0.2913171632356
0.42395357715671
0.50588942266795
0.57947710580393
0.67841842001483
0.80609114903154
0.9302215741094
0.99589451471269
0.95052875906513
0.76928495721236
0.46955351555825
0.1083676628633
-0.23570054912934
-0.48808962645873
-0.6007239900507
-0.56322468344131
-0.40019781875938
-0.15788751514356
0.11279087245539
0.36957601326097
0.58422757356935
0.74016901647307
0.82648288620872
0.83355487985356
0.75382379945722
0.5874197101741
0.34907266919038
0.071446737467796
-0.19842867624035
-0.4095954675322
-0.52097983397154
-0.5131555887742
-0.39318017016269
-0.19060910002411
0.053312346430695
0.29844662883456
0.51529055549427
0.68799396258402
0.81095884234413
0.88209896386513
0.8971464483441
0.84849421717478
0.72943753610699
0.5416349272614
0.30165251992364
0.042539927720792
-0.19149238766895
-0.3561022204423
-0.41973314468812
-0.37361782625393
-0.23500577822096
-0.042266560244286
0.1563730568691
0.31635657989434
0.40796347987432
0.42184897147453
0.36810332626868
0.27029531135502
0.15733257351423
0.056071094043845
-0.01342002911526
-0.039560475048846
-0.018850332869822
0.045199870200724
0.14274704761671
0.25783180483399
0.36897582975114
0.45130482535567
0.48085120068549
0.44058272599344
0.32645694339862
0.15111053624157
-0.056809643529244
-0.25825077651175
-0.41306111926023
-0.49032618411538
-0.47652242378197
-0.3788669629939
-0.22278043893309
-0.044388336094633
0.1193181691157
0.23936204800001
0.30000008938977
0.29916149079728
0.24493422365629
0.15035316872746
0.029046968095272
-0.10663199595434
-0.24491224373772
-0.3726146163685
-0.47375925239129
-0.53038485687502
-0.52616038556252
-0.45193347675833
-0.31118950514054
-0.12300159874279
0.079321735211914
0.25422065542691
0.36113924265318
0.37048684994849
0.27150229270147
0.075966689019735
-0.18300368466319
-0.45667028159503
-0.68967786953324
-0.83069902051134
-0.84288711583234
-0.71236189689828
-0.45314845250658
-0.10728259441787
0.26070465806975
0.57487385522038
0.76322964371739
0.77454280302493
0.59264536710805
0.24399511129102
-0.20450475891885
-0.65802408196562
-1.0143560085443
-1.1877810028875
-1.130300892616
-0.84463472275306
-0.38530920661267
0.15273701456225
0.65531345512172
1.0146545095301
1.1533884790946
1.0413321671995
0.701735903402
0.20618284060586
-0.34032628618943
-0.82080915549628
-1.1300457697142
-1.1962749926478
-0.99692077130021
-0.56528120180974
0.013652037048416
0.61839512271741
1.1152340928083
1.3873347873364
1.362634775108
1.0337383670088
0.46400088514984
-0.22321163706181
-0.87097643885115
-1.3254803004262
-1.4740587633414
-1.2746563725425
-0.76845956780715
-0.071678749747606
0.65195903944709
1.2311326176065
1.5289325638674
1.4760904579248
1.0870670675342
0.45534189746236
-0.27025735817983
-0.9216427032354
-1.3507572286838
-1.4627377875653
-1.2357728042799
-0.72406773169621
-0.044270210617242
0.65091923588222
1.2060066248044
1.4960300229387
1.4534703385459
1.0835020325652
0.4643288027043
-0.26805611047686
-0.94837528981995
-1.4185669705427
-1.5646963529806
-1.3457243420903
-0.80655847986211
-0.070865045222414
0.68616883372597
1.2795918534033
1.5609696187211
1.4571548440903
0.9908010109679
0.27640845752452
-0.50770181813494
-1.1644100983715
-1.5280027824493
-1.5063557847044
-1.1041728254618
-0.42146626784544
0.37200107127765
1.0794400818168
1.5258852835269
1.600982494621
1.2855165568371
0.65578972588066
-0.13467779342495
-0.89159241259453
-1.4261552745117
-1.6008448706241
-1.3643194014592
-0.76696685427544
0.047608067171954
0.87469534662608
1.4980681110248
1.74595325329
1.5393687611163
0.91915197758559
0.042146942308107
-0.8554496353305
-1.5202680056934
-1.7536331934372
-1.472528078281
-0.74031176064336
0.24451242737831
1.2010321563248
1.8466385113256
1.9824398300512
1.5570745723916
0.68783423498408
-0.36964603712517
-1.2959080812843
-1.8046123282313
-1.7320039553767
-1.0903443507851
-0.067460697940213
1.0286229350075
1.8635302614748
2.1798973038689
1.877892097439
1.0473922666356
-0.058669606943162
-1.1018046287324
-1.7622467289301
-1.8374184312108
-1.3038530633879
-0.32342798490288
0.80774211120991
1.7515062127003
2.2320254416386
2.1197453857954
1.4690378779109
0.49820626343234
-0.48129019766229
-1.1636418963694
-1.3442207470655
-0.9819300014287
-0.20922917105791
0.71264564071529
1.4784936452362
1.836748105336
1.6688006999702
1.0250449631961
0.10662917131797
-0.80067649083335
-1.4187719981861
-1.5657792700863
-1.2125380304757
-0.48935009209655
0.35857435975097
1.0520252715794
1.3685590068078
1.2136501488983
0.64932939904874
-0.12854907578218
-0.85649509337243
-1.291073893498
-1.2893360954045
-0.85574425948275
-0.14034027866709
0.6112035399939
1.1392730741743
1.2568885142565
0.91255195185843
0.20841381486764
-0.6325716803412
-1.3399459218673
-1.6853755793011
-1.5588256912491
-1.0057134619196
-0.21227052782027
0.55642842286027
1.04531309635
1.0952509021543
0.69690464457584
-0.0060044344226394
-0.76550032064888
-1.3139980297946
-1.4561115984579
-1.1361256304827
-0.45767143648754
0.35151891477922
1.0178519229299
1.3160888925161
1.1468075139765
0.57016792837181
-0.21571633414611
-0.94414345880928
-1.3726181736473
-1.3665842237603
-0.9447748524705
-0.27035831890327
0.40876585444292
0.84914095300544
0.89858150546298
0.54976776093393
-0.058271206028884
-0.69102659680111
-1.1034114768099
-1.128440536227
-0.73818515921808
-0.055308932892782
0.68903216202255
1.2360912659446
1.3906001733159
1.0897703612179
0.42588951609581
-0.38530287249237
-1.0791434263027
-1.4332256622144
-1.34338597446
-0.85811594886803
-0.15967563002946
0.50111198185137
0.89321614011361
0.88576026851871
0.49231470278814
-0.1360133461116
-0.76568581162984
-1.1641745040705
-1.1822379770735
-0.80627616718214
-0.16273259300766
0.52664425172159
1.0227406844769
1.1527893092039
0.87061813710351
0.27261514946179
-0.43583999028822
-1.011498575025
-1.2571018441002
-1.0890823809869
-0.56604146430094
0.13148799024082
0.76279490552255
1.1089657809684
1.0471049299433
0.5917371718515
-0.11028189838139
-0.82919265053102
-1.3290889322
-1.4461370977448
-1.1422641551579
-0.51688600491343
0.22664996704453
0.84832956296562
1.1499470673554
1.0389561202487
0.557105307422
-0.13484567151248
-0.81059132259541
-1.25198781354
-1.3189595004061
-0.99322606403767
-0.38228097479156
0.31692512566814
0.88219974613205
1.1371779049008
1.0065178951374
0.53810788113492
-0.11397637871069
-0.73954985370726
-1.1390828665532
-1.1860098021458
-0.86531208250455
-0.27685947089356
0.39686803980026
0.94804932246072
1.2077102376028
1.0970910567603
0.65086150536533
0.0057298107568123
-0.64151789620625
-1.0935701117383
-1.2117727323198
-0.95737331815759
-0.40284556023136
0.28968476637933
0.91621942898192
1.2906864269394
1.2993465886507
0.93417178843959
0.29569718619929
-0.43541833548618
-1.0499783668684
-1.3702568277434
-1.3012868964186
-0.85874688971127
-0.16539098908736
0.58311402912051
1.1734107209394
1.4351823447166
1.2901829958999
0.775502156417
0.034136293108473
-0.72478266055975
-1.2849974440221
-1.4846377479468
-1.262680979043
-0.67703811985736
0.11101426160204
0.88179958411949
1.4189826938692
1.570634213759
1.2922874812481
0.6597425621728
-0.15199404402133
-0.91759984090944
-1.4242928402208
-1.530983803367
-1.2072573128879
-0.54149961108548
0.28383028407349
1.0426695385635
1.5274381323284
1.6056099648975
1.2553719159846
0.57090660111587
-0.26374645460662
-1.0247945268614
-1.5089904478025
-1.5878332099419
-1.2412540241464
-0.56205727130591
0.26970112893951
1.0352120873623
1.5351313033408
1.641973673391
1.3329166717609
0.69463206954714
-0.10074286048234
-0.84177630151374
-1.3336272014072
-1.448838073444
-1.1597688117646
-0.54443856348298
0.23534347722602
0.97736113936355
1.4921249596607
1.6516685695721
1.4213640576906
0.86686802383264
0.13500092033015
-0.58581547436489
-1.1147501329093
-1.324369132522
-1.1713350829174
-0.70461860060216
-0.04994481619867
0.62460454872367
1.1522540713207
1.4089528981602
1.3422069469389
0.98072189091165
0.42350156312213
-0.18772131398411
-0.70492979483924
-1.009658885891
-1.0395604761748
-0.79993865756049
-0.35858393305804
0.17363691959394
0.67081606384899
1.0215208480023
1.1530066263513
1.0451572029187
0.73194152608721
0.29104715394611
-0.17522803826706
-0.56323710674087
-0.79032913232164
-0.81173359467694
-0.62881694304044
-0.28740041699623
0.13317042700406
0.53774607421688
0.83614410668606
0.96263082360566
0.89005560385874
0.63558536640339
0.25669585678522
-0.1618380021884
-0.52713218229746
-0.75918951090247
-0.80884501443181
-0.66851177811071
-0.37331525255145
0.0075047310719853
0.38674282046217
0.6790644798444
0.81997338452051
0.77964379187667
0.56869676638925
0.23495405927464
-0.14767862092194
-0.49541067109149
-0.73233030300759
-0.80627128686581
-0.69992304845037
-0.43520506718683
-0.069961968780894
0.31285830559807
0.62201175730909
0.77788656297272
0.73167593214893
0.47947797346257
0.06745540641466
-0.41449015052961
-0.85078698138555
-1.1271761615911
-1.1607427957881
-0.92515726621741
-0.46333299094388
0.11769188217981
0.67032460400744
1.0437711077839
1.1258920998042
0.87796596378381
0.35149061768169
-0.31973472107308
-0.95220325903996
-1.3624164016286
-1.4202368930705
-1.0901104042725
-0.4470090683868
0.33930866418569
1.0490206671173
1.4743538250587
1.481553443474
1.0540178208596
0.30243778484925
-0.56289345473088
-1.2910532365827
-1.6641312781982
-1.5636132531281
-1.0089761950768
-0.15566047893664
0.74841739207738
1.4358871917547
1.7009820026554
1.4637514114169
0.79694330679414
-0.09378587314287
-0.93124923631149
-1.4512825799191
-1.4843760586875
-1.0088860428913
-0.15882847061577
0.81669163220877
1.6301089990409
2.0442827356457
1.9456652056548
1.3785786321685
0.52987959826015
-0.33088957457104
-0.93655001972018
-1.1053511166027
-0.79590787436856
-0.11709570017634
0.70949744380994
1.4217990276851
1.8005970243763
1.7372199378332
1.2643401943741
0.54108423715738
-0.20146125494367
-0.73570049348588
-0.90921461607658
-0.69008677442016
-0.17238473035595
0.45861413531759
0.98898653253157
1.2455798187879
1.1497798163804
0.73891843867226
0.14968991505092
-0.42964097043505
-0.82161739835428
-0.91598724994803
-0.70237653969229
-0.26974013848952
0.22600520087061
0.61470866320291
0.76748390781646
0.63699214068454
0.26997524565395
-0.21109820288461
-0.6503199316804
-0.91014141572898
-0.91566697020087
-0.67741867077145
-0.28582975142379
0.12006846618732
0.39913585737166
0.45450544341805
0.26477660888652
-0.10993926790733
-0.54877389822462
-0.91050209202368
-1.0801935882029
-1.0068428129049
-0.71978806491726
-0.31871542506676
0.059392689008182
0.28551837085992
0.28125754261262
0.044842591747094
-0.34812042044112
-0.76953302854524
-1.0811535495654
-1.1804948393625
-1.0350562730028
-0.6934795918713
-0.26979569355809
0.094218599199553
0.27620999404517
0.21431024503667
-0.0716718768583
-0.48626018901679
-0.88978276748824
-1.1449816663311
-1.1632795380269
-0.93507358140577
-0.5336675210723
-0.091249119687738
0.24529302789402
0.36397695929016
0.22603778515326
-0.12016629586871
-0.55468203478858
-0.92600338598781
-1.1023716307306
-1.017023520418
-0.69180431163372
-0.23082403154591
0.21405837575299
0.4945232802372
0.51651323927724
0.27306434493371
-0.15219764567999
-0.61250505264845
-0.94738667601259
-1.037519739187
-0.84623546341938
-0.43315244129103
0.065111395855832
0.48095663075678
0.67306842019304
0.57530801529744
0.22033256522167
-0.27046427146092
-0.72770956397083
-0.99187069624598
-0.96841478374681
-0.66116156810076
-0.17190691760719
0.33396131070849
0.68426014637351
0.7596919829518
0.53564861175745
0.091468686090561
-0.41638109887777
-0.80832538281454
-0.94435500199843
-0.7735185301181
-0.35265408673291
0.17268194901724
0.61877915649959
0.82826957086585
0.7259548336453
0.34621697513059
-0.1778902061972
-0.66048095274478
-0.92795186319972
-0.88062784928352
-0.52904309139164
0.0084352742928197
0.54637850784316
0.8973872513533
0.93856223451074
0.6557517763934
0.14966627192752
-0.39870712851296
-0.79163764205107
-0.88496779870054
-0.64025251898287
-0.13978391935596
0.44148793855206
0.89766034086361
1.0654127357015
0.88306529884427
0.4138348067524
-0.17538942187151
-0.67266949638046
-0.8965625264478
-0.76170747529389
-0.31070748377947
0.29974107006012
0.85413963088217
1.1553593296347
1.0959158829321
0.69746296300248
0.10394418430733
-0.46951535804684
-0.81394117465457
-0.80237099289923
-0.43671394007991
0.15180872355514
0.74942955153947
1.1372802509234
1.171451062768
0.83634236700459
0.25155246937193
-0.3706071351282
-0.80188337243653
-0.88145980797753
-0.5755791350241
0.0086546762958445
0.66091574019092
1.1435813367415
1.2785078830188
1.0128886472668
0.43985131669969
-0.23411502754838
-0.76342907981862
-0.95262985773112
-0.72815865015715
-0.16641610972544
0.53258047052585
1.1169103376628
1.374070136598
1.208699473258
0.67823794627595
-0.026765156725106
-0.65085554293627
-0.96588382921849
-0.85393975344749
-0.35094793351357
0.36510657803517
1.0374713226844
1.4228531567823
1.3793280896839
0.9180892068953
0.20016842890887
-0.52082661263819
-0.98937345792833
-1.0395319904
-0.65449085377115
0.027214499704854
0.76113298638001
1.2843118756305
1.409341703637
1.091278585113
0.44346333476135
-0.30332638026468
-0.88355908765108
-1.0917440345832
-0.85554058682822
-0.26126140062262
0.47714866562976
1.0944698080052
1.3686102434576
1.1994496593582
0.64419851088812
-0.10307652570516
-0.78022478518808
-1.1495075217446
-1.0811222436864
-0.59850571746273
0.13022817373083
0.85143405756032
1.3147041992053
1.3600758021833
0.97328627072693
0.29007479903023
-0.4515756005667
-0.99426696353935
-1.1501576948343
-0.86537852182432
-0.23798058256843
0.51635280525325
1.1386540629255
1.4152978789186
1.2505234559445
0.69833783426114
-0.056570069835458
-0.76182757912212
-1.1824943419022
-1.1794482433539
-0.75495923486671
-0.050754974532012
0.7000723585251
1.2506414286362
1.4212171653469
1.1568788376072
0.54359301150122
-0.22156249427932
-0.89526538755383
-1.2661798370598
-1.221266581035
-0.77950632798599
-0.083351828650041
0.64811936213804
1.1885129019657
1.3737023568837
1.1503629241791
0.58948577811089
-0.13785535091838
-0.81379282601324
-1.2391471536237
-1.2914457101686
-0.95883835460806
-0.34096534343859
0.38226277488719
1.0039157951209
1.3494894767793
1.325620112103
0.94476964291708
0.31967876240336
-0.37011711934461
-0.92978815463711
-1.2040191615863
-1.1197551937028
-0.70515721449981
-0.07989981490197
0.57996995159527
1.0923094408438
1.3198748957661
1.2076123140362
0.79591009969619
0.2065186572741
-0.39419594590843
-0.8434796645139
-1.0276430647564
-0.91174579598671
-0.54560619731452
-0.04546497138328
0.44223194198688
0.78355078923109
0.89359237883168
0.7566863017373
0.42558477427801
0.0014799301791824
-0.39784102763522
-0.67155009806055
-0.76139215383689
-0.66303196349335
-0.42154260105434
-0.11406916282171
0.17404022743281
0.37232621698447
0.4414472431343
0.37920926403037
0.2163262782188
0.004593018137486
-0.19836213776301
-0.3435430801209
-0.40102057176548
-0.36458910968957
-0.25048663292981
-0.09130864855144
0.072973139698036
0.20470726606864
0.27692824552992
0.27878463134266
0.21706248138818
0.11359776211032
-0.00079508004581606
-0.094451534666206
-0.14304983524284
-0.13576082322356
-0.077697818798913
0.01204081455936
0.10621973340396
0.177535858679
0.20653587433463
0.18702833383509
0.12739177308931
0.047441989329598
-0.028091787412944
-0.077366530421566
-0.088014135035089
-0.06047853246595
-0.0071583629398819
0.052208864462455
0.097282014184985
0.11370113761389
0.097393959590079
0.05531349362295
0.0025440462456819
-0.04309045795183
-0.067013049996059
-0.062472096878765
-0.032280552671533
0.012697958991339
0.0576285245809
0.088845758652171
0.098282522025016
0.085750107866995
0.058433388883781
0.027934502359103
0.0060053605660705
0.00049072596045374
0.012851707923313
0.038033233996984
0.066603159189577
0.088317132575248
0.095810715065823
0.087128679938338
0.066251686712368
0.041503075574469
0.022456291334124
0.016464205293772
0.026032405870799
0.047937358270801
0.074369723787058
0.095681323660883
0.10376975621511
0.0949269081155
0.071172301673195
0.039617623402698
0.010080952378925
-0.0082401468155605
-0.0099147021913987
0.0048126037431546
0.029987590109532
0.055801618143961
0.071727188836002
0.069911992520879
0.04773079744978
0.0086750698719383
-0.038681474270401
-0.083298923177371
-0.11504777130574
-0.12779640809279
-0.1212271835276
-0.10079797608812
-0.075875305138246
-0.056664130816244
-0.050938170047594
-0.061626769641049
-0.086032596536155
-0.116913153315
-0.14502101901641
-0.16220467812226
-0.16400275465626
-0.15083234891855
-0.12730297150512
-0.10005993793699
-0.07520421537316
-0.056401523667794
-0.044410414681091
-0.038065492375809
-0.036076654150818
-0.038552465096533
-0.047207255057486
-0.063762771123652
-0.087326254554579
-0.11239647559803
-0.1291197211558
-0.12646305397356
-0.09762462774056
-0.045515653338209
0.014644017649685
0.057980441827517
0.05840239065605
0.0004335654799126
-0.11030752772661
-0.2431952976371
-0.34856774434614
-0.37329162292034
-0.28133010186981
-0.071504651709279
0.21548688779715
0.50557080972666
0.71425096784054
0.77648673748713
0.67218546067081
0.43654364623817
0.14960462129829
-0.092693816619437
-0.21562341022477
-0.1963228171995
-0.074919255803424
0.059866116819156
0.10631951063297
-0.0070985910719067
-0.28860150242257
-0.6743141562597
-1.0490441611931
-1.2895336011153
-1.3133488699725
-1.1133431359972
-0.76282526337344
-0.38804748645336
-0.11817597235824
-0.032794670247826
-0.12859128704507
-0.31952416816363
-0.47143909649207
-0.4577355571515
-0.21363138587916
0.23336959865646
0.76986186926272
1.2379918057412
1.4959444405635
1.4733054800663
1.1991267667526
0.79136527782933
0.41185687733941
0.20471890294511
0.24250629722467
0.50105244602993
0.87217813416845
1.2083087481797
1.3805806562485
1.3271689239875
1.0732814301977
0.71615005841908
0.38251540968935
0.17676105618458
0.14080376587565
0.24125453406855
0.38774288214713
0.47360642878138
0.4214754671639
0.21499129451547
-0.095769098882481
-0.41644627001862
-0.64816562257734
-0.72810504175822
-0.65422824655373
-0.48444497118976
-0.31107397821812
-0.22147560204824
-0.26110850194791
-0.41399818330304
-0.60855476116358
-0.74639011844062
-0.74259954446605
-0.56149662269871
-0.23358200338871
0.15311363102758
0.48420191734063
0.66076944813831
0.63586123890341
0.43181850674012
0.1317738799745
-0.15163473023419
-0.31860014413282
-0.31961777268681
-0.17391872183403
0.03808103486211
0.20550011152311
0.22934726607618
0.060786041827903
-0.2790033681724
-0.70510668236084
-1.0991377273252
-1.3521725866604
-1.4044094889229
-1.2667518257857
-1.0161858506438
-0.76658952239307
-0.62572195198241
-0.6544661453877
-0.84364113374447
-1.1174624155431
-1.3624554656342
-1.4709996996288
-1.3832987570793
-1.1117737998058
-0.73836072876697
-0.38532859034362
-0.17018332869237
-0.16157799325172
-0.35287217655864
-0.66372359428023
-0.96934080705112
-1.1467420319451
-1.120829754122
-0.89280647280712
-0.53998814002573
-0.18679776974829
0.042350169291852
0.070472141566615
-0.10238781678761
-0.39879861775803
-0.69324203657691
-0.86010609831117
-0.82213198433022
-0.58062390564136
-0.21563135146489
0.14427283406618
0.37127891613329
0.38785569146917
0.19722073722843
-0.11717520489579
-0.42327504021235
-0.59123677691576
-0.54395202240777
-0.2876155420283
0.089716371030072
0.45127071637812
0.66395791779241
0.64996031148274
0.41736033530271
0.057742073857828
-0.28849644992097
-0.48594054401128
-0.4563252341201
-0.20881840707152
0.1634199789431
0.51915472361877
0.72372988812022
0.70136626917463
0.46464917356321
0.10971595265776
-0.22098691249669
-0.39399671485867
-0.33671026059267
-0.065644659931471
0.31988220135622
0.67621096305753
0.87098606460086
0.83437556228749
0.58606369785405
0.22746865107414
-0.097789962534874
-0.2597458404871
-0.19259413610878
0.079737792324298
0.45290263253213
0.78273525245341
0.94136598715903
0.86722635551871
0.58969732130259
0.2186122073632
-0.097505859374952
-0.22854661270999
-0.11355730335926
0.21421581668242
0.63774455830096
0.99846306964012
1.1546969705292
1.0346514024388
0.66430913815312
0.15991784276614
-0.31233991489815
-0.59497024542021
-0.59477654745194
-0.31542474916025
0.14451314531166
0.62708700735457
0.97107283772152
1.0685074146655
0.90146645039934
0.54628715394498
0.14419235989514
-0.15085755488876
-0.22826699442534
-0.060853173683793
0.28533668648913
0.67477539266102
0.95111824859994
0.99361865894784
0.76122945339673
0.30870563093525
-0.2309622322199
-0.69175020307488
-0.93169025779561
-0.88187254809515
-0.57019945193187
-0.11157435536652
0.33198872463
0.60755575138361
0.62405000749147
0.38315585710131
-0.02231664192133
-0.44199482672876
-0.72153480961735
-0.75729812993744
-0.53288082301787
-0.12474551594357
0.32491043054842
0.65838664178603
0.75796108398939
0.58706116782845
0.20278623059072
-0.26437400316439
-0.65621388065713
-0.84163474484206
-0.76143455869335
-0.44777654361215
-0.011913534096015
0.395015249655
0.63403449679888
0.62516831652623
0.37326172035594
-0.035303302365823
-0.46298000815639
-0.7676381629955
-0.8494155551588
-0.6823148979068
-0.32051035156825
0.12163703984009
0.50829128294114
0.7264021088856
0.72091255218729
0.50991274382129
0.17577872013326
-0.16407922700597
-0.39696965722417
-0.45202367446147
-0.32254051182747
-0.066765154597677
0.2128443064813
0.40503275540558
0.42809859668815
0.25852811869539
-0.059613164757644
-0.42817015137425
-0.72730421533074
-0.85622447884423
-0.76858155998098
-0.4900165820882
-0.11107424017447
0.24286882987238
0.45491369062037
0.45838738711858
0.26194850789835
-0.051862991631575
-0.35522977560025
-0.52147239650101
-0.4730067684633
-0.21288690591519
0.17260853500434
0.54256758887665
0.75203394448892
0.70678483473347
0.40179687999448
-0.071916211107624
-0.55602595444737
-0.87994184877648
-0.92280553616542
-0.65951471061466
-0.17291387699413
0.3733842723647
0.79243178617174
0.9413232263432
0.77375270119154
0.35783787596141
-0.14786694104803
-0.55176492491711
-0.69916819922903
-0.52898153879999
-0.09598512316717
0.44951534531462
0.91702599486061
1.1456927523092
1.0625408841064
0.70753825297703
0.21667546124623
-0.23000733386604
-0.47552698282095
-0.44280098682016
-0.16019548004774
0.25295620368655
0.63430265918066
0.84099203314816
0.80272047443071
0.54539316173623
0.17733330244411
-0.1555425801319
-0.32749645632394
-0.28102997113442
-0.046954601436556
0.27046517906187
0.53651370754215
0.63981648204755
0.53579912905288
0.26299442765078
-0.073579041341345
-0.3448364574886
-0.4488548773224
-0.3506889154263
-0.095402618989229
0.21041115389883
0.44102575647372
0.501198006014
0.36373602978814
0.080305439127286
-0.23865193437405
-0.4669585705816
-0.51206329887205
-0.35163114254239
-0.043171658037955
0.29709888165112
0.53831734236887
0.58537786171703
0.41650392328115
0.093184049965736
-0.26170295069893
-0.50963106064404
-0.54923762135045
-0.35638164487603
0.0040824092279283
0.39983439142593
0.67855910293424
0.72433379992351
0.50220606976478
0.074046560975981
-0.42095377535079
-0.81469384109735
-0.97041032195219
-0.8330074437041
-0.45079818563342
0.039693047707324
0.46099138769224
0.65749008529486
0.55133151315845
0.17116208670608
-0.35693221170743
-0.85331156858145
-1.1478845828118
-1.1399289771017
-0.83326418997142
-0.33431613310884
0.1861431930413
0.55375136048583
0.65178988124895
0.4611383521863
0.064957050067685
-0.38315480767495
-0.71551387018005
-0.81056297744539
-0.63528473626056
-0.25488052143453
0.19325908048502
0.5512637007219
0.69876609026691
0.59602121020794
0.29686700039923
-0.072965864946507
-0.36389477634978
-0.4589272515404
-0.31781424483461
0.0071468056772509
0.38957056806254
0.6750549829964
0.73801522761257
0.52877004202979
0.094045474261967
-0.43692992133289
-0.89609880952511
-1.1345303612114
-1.074257105413
-0.73583427158968
-0.23163570472116
0.27287905898108
0.61617740525859
0.69593068834042
0.5033756868493
0.12461215295698
-0.29154543294076
-0.587523905258
-0.65346445608523
-0.46623220351361
-0.096950386286308
0.31574719067348
0.61698955251992
0.69286120962177
0.51286849290632
0.14210142077735
-0.28174141515797
-0.59850808754953
-0.68487254948548
-0.50124433804584
-0.1089145371553
0.34959438948834
0.7005304366995
0.80161676732016
0.59499048275977
0.13101918176001
-0.44626852401416
-0.94778714894357
-1.2051761424826
-1.1304101823792
-0.74781227369607
-0.18652403008472
0.36422611449013
0.72134753410697
0.77220410273652
0.51401507179498
0.054084208174524
-0.42938210505721
-0.75185307407579
-0.7891525581611
-0.52215770788586
-0.043168616136804
0.47825315942778
0.85743567315079
0.96214509006273
0.7607884453073
0.33350258608023
-0.15786274524347
-0.52982766961545
-0.64531629748068
-0.46458006914047
-0.060106423021022
0.41023362445251
0.76193388584088
0.85281404941687
0.63669463153523
0.18173978464119
-0.35346599717883
-0.77750523716323
-0.93627576166356
-0.76989432153945
-0.33538184455168
0.21348112117866
0.68170991477265
0.90365058484023
0.80280059156832
0.41911384075766
-0.10606216920469
-0.58164947338533
-0.83606088744738
-0.77874881928628
-0.43202885675812
0.078032344384316
0.56780571232174
0.86211780462055
0.85620128856096
0.55165038114358
0.054138911661545
-0.46529019802936
-0.83078621902048
-0.92231555002666
-0.71534265318062
-0.28657616391386
0.21510417286969
0.62119673793042
0.80071179444025
0.70247369919924
0.36907193806434
-0.08078644356238
-0.49408840967116
-0.73452106796695
-0.725621577586
-0.47268796757743
-0.057521982879985
0.39061092486074
0.73706305618433
0.88309243240297
0.79373691639099
0.50461609734039
0.1071048251686
-0.28207878604512
-0.55666173705778
-0.65105929439373
-0.55643291795788
-0.31891528179135
-0.022030518482198
0.24031058004747
0.39169921288875
0.39376497060774
0.25400991983611
0.019810197810323
-0.23845167847466
-0.44933759926004
-0.56051824114774
-0.55137457017255
-0.43523245129244
-0.25183926990345
-0.053366948934906
0.11124255553087
0.20882781446404
0.22830563619823
0.17992442223788
0.088830335048357
-0.014223429975421
-0.10171640755931
-0.15532729764347
-0.16815495994646
-0.14360633230615
-0.092151872482065
-0.027482516609316
0.036695832242685
0.08871146659853
0.1199595716108
0.12541977304502
0.1041277990689
0.05965674107295
0.00019154579584821
-0.06235049138503
-0.11441487724238
-0.143890087545
-0.14343382791157
-0.11300740378113
-0.060619296351976
-0.0007008858897063
0.049663393489992
0.075617494414577
0.069047497725583
0.031271614831535
-0.027059781634174
-0.088963283149185
-0.13615195127331
-0.15454043834434
-0.13850633880798
-0.092547539087399
-0.029795062690027
0.032135818580218
0.076620922835582
0.093081857638043
0.080029808641368
0.045165249785297
0.002563178835486
-0.032074561662307
-0.046524813808285
-0.035854073238488
-0.0037375259482676
0.039070212716484
0.078528568736508
0.10205720738305
0.10264815551246
0.081005867245161
0.045060014197762
0.0070942993465122
-0.020472648922253
-0.029199606532882
-0.01725237795557
0.010283125472902
0.043426025433878
0.070894573867818
0.083992825539127
0.079456425120173
0.060319381315427
0.034571957311331
0.012152342589282
0.0013734405815669
0.006049348150492
0.024305536223775
0.049439020045288
0.072468978507298
0.085430072027566
0.084222730846338
0.070019014721623
0.048752820128509
0.028913822753059
0.018460967549494
0.021964695158436
0.038983265758212
0.064227462436859
0.089431982211377
0.10625436392018
0.10918375580179
0.097445500342308
0.075238818867239
0.050268437911868
0.031106306065629
0.02428615415832
0.032127611121325
0.052013576551575
0.077356861866455
0.099905509063772
0.11257611550151
0.11183387268828
0.098814241863314
0.078829299004323
0.059473219616267
0.048020714265504
0.049032548287895
0.062976045404429
0.086271965925099
0.11265839856462
0.13531101203158
0.14892537696087
0.15104837444526
0.14228825940645
0.12549313725245
0.1043846739262
0.082291541074772
0.061504690347606
0.043467181301268
0.029535079237358
0.021665115996734
0.0222890995331
0.033043338164684
0.052816428626033
0.076221529955197
0.093681215001261
0.093839059639119
0.068137877712535
0.016149759009934
-0.050727240570331
-0.10963138317915
-0.13183285826467
-0.092553947813229
0.018144251282318
0.18766268221769
0.38020113916799
0.5449714719102
0.63171417179672
0.60844598487088
0.47452731368504
0.26312816871148
0.030920651600104
-0.16206029727323
-0.27507048540822
-0.30269445266093
-0.27689594788775
-0.25296770438955
-0.2841285153164
-0.39510096294508
-0.56654814122052
-0.73847324786916
-0.83291465255509
-0.78770732914616
-0.58734515859059
-0.27680582924884
0.049807492066435
0.28369187590698
0.34623595614566
0.22574886637078
-0.01082877548907
-0.23868945776994
-0.32249393835349
-0.1725496915714
0.21299983960692
0.73864750398624
1.2410789769728
1.5483758894872
1.5464344223158
1.2259281482348
0.68995488195203
0.11789437977003
-0.30129440578187
-0.4404448659914
-0.28197303434103
0.077092893393145
0.46503287130528
0.70434233444229
0.68184779991372
0.39187431595098
-0.064379492974715
-0.52194752196498
-0.81910170168165
-0.86042967111897
-0.65056337628325
-0.28592495646784
0.09048753121501
0.35097430676238
0.43495139984501
0.36907840470277
0.24828561246929
0.18733808756048
0.26498967611963
0.4854448483751
0.77392135010176
1.0081520976769
1.0721350524476
0.90878568666083
0.54850740390057
0.10093243128019
-0.28718730081037
-0.49058229101555
-0.45626990615422
-0.22552185673946
0.082183607739723
0.31688652716814
0.35827861320972
0.16390724158101
-0.21404314225426
-0.65005239689023
-0.99578791518723
-1.1392731494158
-1.0488882637267
-0.78473226195215
-0.47317297775718
-0.25523091223489
-0.22981350169834
-0.41463659230872
-0.74026845577399
-1.079275330133
-1.2983634537028
-1.3123914534849
-1.1186261783425
-0.79764421380055
-0.48068191363327
-0.29671035453277
-0.32061597989126
-0.54320505594378
-0.87489463102943
-1.1814934320078
-1.3377367558317
-1.2771836892717
-1.0184908760778
-0.65750056597931
-0.32838090508038
-0.1495406580291
-0.17598708124585
-0.37717071250523
-0.64933446514484
-0.85772867001652
-0.89203448147209
-0.7127601679866
-0.36963119206542
0.015999381363456
0.29832969955196
0.36565434207943
0.18723533493941
-0.17047127732713
-0.56566772929155
-0.83387471351258
-0.85174733700002
-0.58730082541994
-0.11639992849297
0.40195943837366
0.78320624937801
0.88635380754054
0.66856868443789
0.20388543211525
-0.34208021696744
-0.77286566312241
-0.93480081802394
-0.77543873980599
-0.36398310413668
0.1347227169546
0.52319866860195
0.64745361675586
0.45694477763818
0.024809349933177
-0.48014555402114
-0.85937326855137
-0.96288757744698
-0.74901901769254
-0.30166310706548
0.20229262490364
0.56290477933277
0.63702846273609
0.39632420804477
-0.060180352728995
-0.54476183858676
-0.85608053421677
-0.86077956657881
-0.54857205869105
-0.038104733575735
0.46941501632606
0.77070540439557
0.74291214540832
0.39473333651557
-0.13508117774963
-0.63209498055506
-0.8921406345805
-0.80433931070957
-0.3973401097135
0.1704624917463
0.67341751969952
0.9091373767351
0.78079452580387
0.33781767879394
-0.24203874142768
-0.72280535794005
-0.90486990896891
-0.70600845709859
-0.19600506930721
0.42949255232741
0.92587368679461
1.0968064788589
0.87305174126218
0.34115409005955
-0.2898923937153
-0.77114263503854
-0.91262638412984
-0.65915739162228
-0.11261391426162
0.50839715525662
0.95558014986476
1.0500577128267
0.75398392215709
0.18597046574726
-0.42599956152305
-0.83551664468416
-0.87629886484963
-0.52899372105803
0.070523174979299
0.68480850774439
1.0692341894485
1.0695638855523
0.68379529236606
0.063465427021522
-0.54627027892971
-0.90399981882676
-0.86809111649281
-0.45316017183699
0.17553930685283
0.7676740806329
1.087394224601
1.0073397052099
0.55959557306666
-0.07685210689785
-0.64725702419263
-0.92253649713641
-0.79060249539499
-0.30126336263734
0.35319684789146
0.91415059485929
1.1593364117598
0.99135271365332
0.4766853189036
-0.18034674397312
-0.71840023020672
-0.92255096246114
-0.70933988073421
-0.15980112923818
0.5125135026884
1.045852931794
1.2335656824337
1.0054596169112
0.45502095164389
-0.19805991917809
-0.69485796437051
-0.83906253591399
-0.57353708719267
-0.0016962271083063
0.6542794036292
1.1414925536517
1.275549754766
1.011644737393
0.45974502653635
-0.16132189817961
-0.61183322342189
-0.72588575025895
-0.47545395307427
0.021023358366554
0.54821925405238
0.88128063829779
0.87580122427142
0.52466714098406
-0.040198247426423
-0.60091008037772
-0.93962643090531
-0.92309978870141
-0.55262967436618
0.039519677053508
0.64479886747772
1.0615253304655
1.1729949042868
0.98972487614961
0.63996808656838
0.31355884244907
0.18244170687962
0.32987280981308
0.71621299437599
1.1943061139846
1.5677182785105
1.6683004962149
1.422306018768
0.87941097544724
0.19415518979505
-0.4318825508799
-0.82401990194336
-0.89593844729726
-0.67587433116848
-0.28907842303028
0.094814257500061
0.32765008879005
0.33582988584194
0.14089169060021
-0.15820411950021
-0.43147750526512
-0.57269802907697
-0.54004419428255
-0.36710275137261
-0.14153848594013
0.037799015357058
0.10594627358309
0.059437008827044
-0.045080175540651
-0.11992931648867
-0.089945526474552
0.068961546622568
0.31361064355747
0.54764498409641
0.66090021132997
0.57796848256625
0.29534325596237
-0.10943195366119
-0.50213974139966
-0.74161330391073
-0.73577458188001
-0.48147326482789
-0.07117987841316
0.33771455604252
0.5804253330882
0.5475784163251
0.22904424576824
-0.27874624111926
-0.80590610413672
-1.171034411684
-1.2489408789343
-1.0182990508917
-0.57064592537892
-0.076815045679129
0.27678679828804
0.35804672732534
0.13870752514074
-0.29525021442225
-0.77650966070506
-1.1202323037985
-1.1944945386773
-0.97042339036729
-0.53289759509795
-0.047879844613143
0.30095877647906
0.3821576324576
0.16644607335635
-0.26210009683903
-0.7379368279521
-1.0768056404858
-1.1454389371327
-0.91182709877647
-0.45731171427308
0.053676942829512
0.43460987910462
0.54582419017448
0.34602811169017
-0.092488101650008
-0.61025753419457
-1.0185516023811
-1.1672911812148
-0.9983147857976
-0.56527567716033
-0.013825478976117
0.47016275852257
0.72557976859643
0.67130937151652
0.33269104024457
-0.1691952573673
-0.66058267941121
-0.97461220800125
-1.0067848863003
-0.74792861377311
-0.28463982711689
0.23171726506513
0.63606429512099
0.80316902240179
0.68612848609718
0.32807293866597
-0.15515676992505
-0.61418763217
-0.91360082112036
-0.97247370938333
-0.78587067376606
-0.42179923063647
0.0038501873600917
0.36510111349996
0.56384442407197
0.55643093087366
0.36197963889122
0.05158518985154
-0.27668932735186
-0.5283737725144
-0.6391890996441
-0.59018918159695
-0.40818795506539
-0.15309182306066
0.10250341213188
0.29462208137605
0.38405678299263
0.36356229924559
0.25533370703346
0.10088298265189
-0.052688486937249
-0.16556314816051
-0.21384885789927
-0.19256181905455
-0.1134068383535
0.00094799726214877
0.1239479911411
0.23155048941401
0.30658566005535
0.34063030725637
0.3337374275299
0.29281796634376
0.22944062008506
0.15753754173063
0.091206370579361
0.042631748962018
0.020189116479487
0.026914671780551
0.059671084377101
0.10938619825238
0.16262221845667
0.20442298975077
0.22197227922575
0.20821326766732
0.16436187171817
0.10037645139216
0.032927997217452
-0.018842606785349
-0.038725041116954
-0.01844444408439
0.039330725196645
0.12111603841641
0.20609275348456
0.27207873538673
0.30221716829507
0.29023942269206
0.24250174618214
0.17598372634963
0.11277154386619
0.072783651343713
0.067148539262239
0.094512176084247
0.14158658253975
0.18780247227347
0.21248266948895
0.20204538988941
0.15472915649983
0.081209617200641
0.00092122172043549
-0.06458729102611
-0.098895516490879
-0.096035849769405
-0.062100534745412
-0.012687758237551
0.032754928795577
0.057595481282261
0.053360024250139
0.022011425516979
-0.025411725017843
-0.07306368836897
-0.10577439784365
-0.11376885741706
-0.095079335996937
-0.055099956366111
-0.0038029216586685
0.048070678268642
0.092334089669246
0.12509169520376
0.14653420017513
0.15924954848411
0.16603327909926
0.16827560420455
0.16563175651955
0.15700928149474
0.14227346051015
0.12373516196971
0.10658279082054
0.097878182248924
0.10435523563639
0.12978408367446
0.1729080217104
0.22681806619027
0.28015550154626
0.31988008913403
0.33477309351113
0.31858810477059
0.27189678464863
0.20207626346419
0.1214763626442
0.044364802937156
-0.016432838539418
-0.052249333751475
-0.059983111944479
-0.04199513749172
-0.004754030316485
0.043191373178325
0.093258142364311
0.13837354763726
0.17375860578361
0.19700438891829
0.20770217593685
0.20693453978391
0.19682355609564
0.18018857377003
0.16021943019822
0.14005097239146
0.12220589500351
0.10799958567295
0.097136324081002
0.087752014558914
0.077041187671396
0.062376472346405
0.042573089854679
0.018809979768617
-0.0052497426641542
-0.024328799618506
-0.033190885818211
-0.028577494827241
-0.010739632837392
0.016072492623407
0.044496555579437
0.066168020370564
0.074434133558564
0.066807817383046
0.046338144639414
0.021206650719272
0.0023755281451958
-0.00016748660034974
0.018627311219795
0.056137239733636
0.10175070473237
0.13946093395762
0.15290186945686
0.13147218149989
0.075448531584754
-0.002200688505326
-0.078635734648622
-0.12833017854567
-0.13243059120883
-0.086879950851126
-0.0058462316953241
0.081688172281142
0.14187862492619
0.14952652714534
0.10000520248088
0.01413831577199
-0.067220418153711
-0.098217947981474
-0.047554892860444
0.085221697544836
0.26419310511889
0.42635271486755
0.50398255367452
0.45261603422394
0.27341764153354
0.019577129338308
-0.2182300387523
-0.34396750825321
-0.29461146374644
-0.06958141132444
0.26192952792276
0.58111165106988
0.76176859893268
0.71967801864275
0.44962213434562
0.033957910576447
-0.38307965453728
-0.64750651691452
-0.65492318929023
-0.39378770268222
0.045581943082553
0.50162962651092
0.80160520188733
0.82858470436312
0.56910606971388
0.12172379647595
-0.33831344050973
-0.62551600003745
-0.61619484919966
-0.29777737527136
0.22442760426817
0.76629312530578
1.1350165177401
1.203196235993
0.95779108405146
0.50456624492702
0.026153873602511
-0.28970732037375
-0.32336093065237
-0.069083643124104
0.36421268814641
0.79726496367042
1.0519155579446
1.0214396671058
0.71209876783398
0.23978788474221
-0.21648840358085
-0.48553575186236
-0.47108927468117
-0.18882881538411
0.24088204903068
0.64116022800518
0.84838070768576
0.77611440914529
0.44829351432487
-0.011061517625534
-0.42723938771466
-0.64373802870493
-0.58368798592534
-0.2798948899682
0.13801394007403
0.49420962245163
0.63533407101494
0.49064086452758
0.10038659176807
-0.39856589644812
-0.82460853227436
-1.020955480867
-0.91635003701979
-0.55360764639871
-0.074846954979137
0.33130133947281
0.50080068876206
0.35690851932231
-0.059246801402955
-0.60219297010289
-1.0752775263603
-1.3038998606918
-1.2014779974654
-0.80328092322416
-0.25505360630015
0.23979961911603
0.49529407434004
0.41250686445326
0.017673647284342
-0.54595559883313
-1.0701443372098
-1.3587276129059
-1.3012160878359
-0.91542694289425
-0.34280481738886
0.20248306261315
0.51246429646404
0.46336452689283
0.063572650675761
-0.54684429419382
-1.1457866317468
-1.5102244845363
-1.4990620149681
-1.1070114453308
-0.46900562462336
0.1872745570414
0.62408950091705
0.68148180963971
0.33776095709243
-0.28026330162761
-0.94198707565315
-1.3969081507289
-1.4672453427712
-1.1151235932983
-0.45905350094011
0.26721436826545
0.7993290191277
0.93990031196645
0.63309308920935
-0.01175703239678
-0.75718961916397
-1.3226587413402
-1.487133843917
-1.1718455485132
-0.47251177667918
0.37165263697576
1.0620115162281
1.3478440861065
1.1181291382196
0.44408751302149
-0.44356108826513
-1.2350417929774
-1.6511766015085
-1.5429670248404
-0.94522641896772
-0.064708340067927
0.79338421478702
1.3342803904752
1.3787000676415
0.92620851195061
0.15410461164387
-0.64754536130701
-1.181165033664
-1.2491313658422
-0.82466221318047
-0.060548820482955
0.76741941554581
1.361788221906
1.512607163419
1.174632557809
0.48434313779097
-0.28964942162482
-0.84517051707645
-0.95847727652205
-0.5689155956848
0.19507138165168
1.0591009904715
1.7006582714138
1.8669303099413
1.4700602904417
0.62463652901143
-0.38767087883131
-1.2154148544968
-1.5630018246845
-1.2998001471799
-0.51256539255365
0.51961567711927
1.4211895142011
1.8541058321763
1.6422178818523
0.84044836943395
-0.27829300980932
-1.3163606738815
-1.893243869042
-1.7855869391674
-1.0137806372607
0.15843578715403
1.3140250075188
2.0318762578578
2.0417014948402
1.3273602944095
0.13880498058625
-1.0943671229258
-1.9182144518173
-2.0224972802844
-1.358983698932
-0.1645636235921
1.121751738933
2.0191995674711
2.1844242293581
1.5424358840946
0.31915691901544
-1.0385532132569
-2.0272760839322
-2.2752603791213
-1.6838478112197
-0.46804607418778
0.92052755879493
1.9608081422876
2.2575299884643
1.6911468722407
0.46535820788986
-0.96669066061312
-2.0707777866991
-2.4317683658674
-1.9102791414542
-0.69651196598483
0.75963284672265
1.9164409853714
2.3434102668197
1.883044784131
0.71036287949136
-0.73251628105908
-1.9022992400075
-2.3585982353743
-1.9293496635263
-0.77531003075737
0.67060598752361
1.8662725682528
2.3642364177239
1.979768718639
0.85985006588623
-0.57277868865272
-1.7792583636733
-2.3076242489616
-1.9626138739754
-0.87837969223075
0.53301711042866
1.7376126515723
2.2810508463878
1.95957078135
0.89606055164333
-0.50731995632587
-1.7217661068203
-2.2917759145392
-2.0067230299156
-0.97932852684269
0.39825280627507
1.6036794556075
2.1822344684436
1.9182376066138
0.9152966762668
-0.44462531153848
-1.6472660422758
-2.2413436879008
-2.00871758004
-1.0450640002893
0.2788795825566
1.4599050646932
2.0538836661383
1.8432383597313
0.91693747142881
-0.3666154686364
-1.5185443679679
-2.1063594330511
-1.9170023179699
-1.0342553577865
0.19786218359437
1.310203221909
1.8892008593591
1.7336185656181
0.92775611315694
-0.1957301251283
-1.187592270159
-1.6564482442072
-1.4183731902989
-0.5645827306004
0.57751783283879
1.5733610451549
2.0494868097189
1.8359642088944
1.0287101655269
-0.051070151794107
-0.98334809855411
-1.4119262170854
-1.1803590196468
-0.38933618233471
0.64542272193086
1.5173163778148
1.8864428891544
1.6099217318434
0.79538456121887
-0.24205131514045
-1.1020015889256
-1.4528944027301
-1.1589042336308
-0.33158198836926
0.71294222094554
1.5743754826198
1.9202307715859
1.6117406936231
0.7563910649512
-0.33239412032689
-1.252905422854
-1.6657514601972
-1.4209167571389
-0.61388987771675
0.44980713464221
1.3681457145863
1.7917063254917
1.5529776279214
0.72808470449809
-0.39154216419127
-1.4066406950595
-1.9567182711822
-1.8516316065452
-1.1398864361679
-0.088974198116307
0.91447735502507
1.507577849367
1.4843445033601
0.87029157281634
-0.088621185781134
-1.0181848334392
-1.555102357865
-1.4819602273321
-0.80860744772408
0.22973546616279
1.2569969724255
1.8927038924695
1.8908087789859
1.2304899766718
0.12597448724181
-1.0482411344637
-1.8899720011785
-2.1122325397957
-1.6453876674248
-0.66219275608498
0.4831674018832
1.38033695558
1.7078484350329
1.3465179258844
0.42106526046386
-0.74453888325442
-1.7418467678197
-2.2220453206285
-2.0185204447283
-1.2048769725628
-0.068285890678876
0.9921432656127
1.6059796969477
1.5614671647357
0.8792108319249
-0.196122836819
-1.2827731040755
-1.9965980815775
-2.0859837678928
-1.5196078269445
-0.4965601028398
0.62430843337258
1.4506461400644
1.6939208722819
1.2696370809608
0.32562599644851
-0.81093482791148
-1.7486091478977
-2.1681536496667
-1.9325170617678
-1.1322610797185
-0.051176387302215
0.93498184454146
1.4904880741016
1.4359463838562
0.80862110413387
-0.1533548841911
-1.0962624352478
-1.6749820648818
-1.6726222414184
-1.074489118651
-0.071708598081762
1.005625797459
1.8017459943327
2.0555203488815
1.6869505033342
0.82159154382867
-0.25364100729313
-1.1866882227429
-1.6753822527787
-1.5632337021961
-0.88570339491631
0.14594782886091
1.2154842409779
2.0024548453378
2.2800079343719
1.9797749683136
1.205902571693
0.19697445350281
-0.74961329302246
-1.3661095550734
-1.4891754780939
-1.10052679903
-0.32455495874212
0.61305340697904
1.4512531152051
1.9645145406082
2.019695447738
1.6055137055292
0.82951948018372
-0.11408602740995
-0.99591088232016
-1.6086981161523
-1.8168279756089
-1.5869275007538
-0.99326782472607
-0.19739428051575
0.59284637388814
1.1751645168009
1.4033043643347
1.2239234070649
0.69050296961377
-0.049785925599642
-0.79359585760412
-1.3341497987844
-1.515675766246
-1.2750743051037
-0.65940386628556
0.1858814684364
1.0550210763272
1.7360709568883
2.0662387525306
1.9733398692532
1.4924184233905
0.75382753565932
-0.052936590270401
-0.72891901985342
-1.1151630152544
-1.1291933529643
-0.78020767933135
-0.16089985477057
0.57998814901546
1.2758900541239
1.7812265105524
2.0017347569579
1.9104036895143
1.5470449988448
1.0032670315928
0.39752939089448
-0.15336897767014
-0.55969143640671
-0.77541702458023
-0.80278744694894
-0.68447392674155
-0.48633677812223
-0.27623428035964
-0.10535826280949
0.0024029073361412
0.05040404211373
0.059555750138012
0.053495254929337
0.044970538277261
0.029186406907518
-0.013094371735259
-0.10410376839637
-0.25442570722153
-0.45198286430425
-0.66018816208739
-0.82704121675959
-0.90222621898017
-0.85561507432442
-0.68969114267598
-0.44059132623753
-0.16690740024122
0.069696822466392
0.22465614011346
0.28372830614377
0.26435899726651
0.20507186186927
0.14752847329306
0.1187398985631
0.12064108450086
0.13095005936741
0.11443543059186
0.039547175880131
-0.10654091948456
-0.31043636530286
-0.5351856368512
-0.73158499730568
-0.85351263192685
-0.87159662111325
-0.78073609409529
-0.59974855123829
-0.36435052527739
-0.11671503994972
0.10469014364568
0.27220849999133
0.37192332634746
0.40287929524913
0.37403085720175
0.30043419558032
0.19961573727316
0.08840008991491
-0.019819988416263
-0.11722889943848
-0.20259166034501
-0.28039617260973
-0.35783905144947
-0.44016793362472
-0.52581640653905
-0.60338251186599
-0.65230986179259
-0.64796566589622
-0.57004306061618
-0.41159700121948
-0.18527238870155
0.076103897114577
0.32558975714497
0.51354537574391
0.60109192121746
0.57138000098957
0.43497876192096
0.22750730399286
8.2520336927201e-005
-0.19455474012944
-0.31601650333687
-0.34619330259685
-0.29237211246346
-0.18299476488392
-0.057751004239135
0.044714278181596
0.09773828732663
0.093152485474037
0.04181496910094
-0.031515179525747
-0.096993913284594
-0.12927235853041
-0.11489558748459
-0.055477418268962
0.033953134647988
0.13052747718709
0.21099458266738
0.25857696042592
0.2671529057341
0.24169148431235
0.19517651222625
0.14338303255548
0.099482162103792
0.07035332892817
0.055729104482514
0.050189241261152
0.046953374010691
0.041814309913734
0.035596390765249
0.034174326929521
0.046093669404456
0.078795035466041
0.1349976574343
0.21072512772285
0.29580792470952
0.37670795709357
0.44058279499288
0.47902793932635
0.49009364857693
0.47786563466039
0.44988512232614
0.41355017530671
0.37305063548504
0.32814372042151
0.27528137933275
0.21056862688987
0.13323640770782
0.048031679278706
-0.034696979629276
-0.10151106011117
-0.14020621930686
-0.14432659904297
-0.11603411768214
-0.066049868804458
-0.010461254179605
0.03459180626146
0.058455096366998
0.059644947559582
0.046251675576368
0.032851180550083
0.035018480743634
0.063469714853808
0.12001547276107
0.19682833872301
0.27926333192375
0.35112107542822
0.40034333347075
0.42299034283404
0.42406382007143
0.41497851077853
0.40872484920905
0.41460645143821
0.43455040031914
0.46231070998614
0.48575534070933
0.49128238487491
0.4686894657889
0.41476082524426
0.33440424061659
0.23912400635398
0.14356153417457
0.061395247427629
0.0019365727309199
-0.031660451282837
-0.042313166286307
-0.037411464577591
-0.026447708180919
-0.018645662916346
-0.021124492424096
-0.037802837764662
-0.068999949818396
-0.1115850063303
-0.1595690726632
-0.20511075070124
-0.23992003005601
-0.25694634119451
-0.25206366907577
-0.22531661267735
-0.18129141953369
-0.12834629905982
-0.076776804618866
-0.03637021951975
-0.014061379605713
-0.0124085630529
-0.029359481920619
-0.059323873119032
-0.095125837879193
-0.13012937906228
-0.15982967568013
-0.18246515734144
-0.19860707883872
-0.21006768947367
-0.21867683661861
-0.22543740632636
-0.23032124240884
-0.2326358430621
-0.23164936937451
-0.22707629911503
-0.21917838321489
-0.20849423820541
-0.19543867265252
-0.18009584967968
-0.16242186232847
-0.14282581398497
-0.12282211759218
-0.10531675917473
-0.094191289250439
-0.093136640433158
-0.10406695333845
-0.12574279548475
-0.15327382165923
-0.17891362485451
-0.19409288621763
-0.19211014108585
-0.17055453740047
-0.13253074556802
-0.086124824782232
-0.042154694363892
-0.010896975952599
0.001113348473064
-0.0068962758435578
-0.029808263130158
-0.058427672386061
-0.082586758987435
-0.094455487914692
-0.090921553426184
-0.074261325612805
-0.050963797720114
-0.029217995183302
-0.016018850533673
-0.01491117634926
-0.025088918662684
-0.042041155694927
-0.059378928827832
-0.071096230082623
-0.073439350627312
-0.065793694242675
-0.05041068814072
-0.031224961150768
-0.012303676051849
0.0034761617477024
0.015097775999625
0.023293538528708
0.029832963793784
0.036582863776517
0.044733597048218
0.054455813253511
0.065037648089131
0.075353125978743
0.084404861222986
0.091695230977652
0.097290542178457
0.1015986532971
0.10500382730266
0.10755576268253
0.10887059671548
0.10829214058425
0.10523697327676
0.099556954199437
0.091749801181026
0.082907688662936
0.074403864862211
0.067427013711367
0.062549760073865
0.05951162312752
0.057315767418681
0.054615733625472
0.050255044678606
0.043758821701357
0.035583207843383
0.027020398655567
0.019779200479041
0.015388319285066
0.014638734788908
0.017273333945036
0.022044200588794
0.027124388139448
0.030733984143573
0.031759969165217
0.030146690341965
0.02691773362956
0.023818770138942
0.022706683973899
0.024896645285552
0.030694255350929
0.039269432629965
0.048907739463078
0.057542231069491
0.063377121078353
0.065392879697357
0.063572360214273
0.058792686741765
0.052444539307255
0.045930961702612
0.040226082264864
0.035639880065981
0.031850665868109
0.02816631158428
0.023896256159872
0.018685981362995
0.012692579091325
0.0065433641855799
0.0011002107002024
-0.0028681890542097
-0.0049697961468358
-0.0053143578808815
-0.0044471691822162
-0.0031269151569159
-0.0020388928861531
-0.0015597438954153
-0.0016678406245412
-0.0020241124765809
-0.0021740042498673
-0.0017838237146471
-0.00080269437512824
0.00052318086465364
0.0017885070018156
0.0026488518208338
0.003003488053636
0.0030359845200545
0.0030828295698083
0.003393998896797
0.0039184608786948
0.0042458419088569
0.0037500798625021
0.0018679040382464
-0.0016171764376975
-0.0064168920357385
-0.011792193821626
-0.016815621961612
-0.020755967413014
-0.023422669048393
-0.025293605801521
-0.027335111271472
-0.030565712401979
-0.035534287993288
-0.041933333388222
-0.048526638523221
-0.05341575312049
-0.054486352844394
-0.049933829911462
-0.038862693120964
-0.021840580557087
-0.0011620399149749
0.019320137412725
0.034798479428936
0.040562245978608
0.03346406971207
0.013473406903079
-0.015310303858359
-0.044780826156005
-0.064382759627685
-0.064036037644354
-0.037823187426843
0.012778689513683
0.077543614876273
0.138965061136
0.17655878291835
0.17292974420587
0.11969952262515
0.021198062300641
-0.10574291015053
-0.23623210502333
-0.34453966753066
-0.41138965709712
-0.42858911488645
-0.3992808638528
-0.33383640861456
-0.24341567379377
-0.13450910047977
-0.0074254932916136
0.14015554055794
0.30591284731984
0.47542169804277
0.61892252229285
0.69553763774082
0.66509598756732
0.50415555476327
0.22019946537639
-0.14248372824627
-0.50943448639204
-0.79486334472267
-0.92743262597033
-0.8742787629946
-0.65418460610631
-0.33391065368371
-0.0076664457521053
0.23388408709369
0.33444760620457
0.29158701738876
0.15722884412981
0.01830068458442
-0.035961803379742
0.051551059722944
0.28215174162213
0.59740015522555
0.89677219223369
1.070977216771
1.0393711655953
0.77849743211088
0.33190942044838
-0.20190552908063
-0.69901613261804
-1.0467837245683
-1.1757144703763
-1.0765364838249
-0.79816374606474
-0.42879072115696
-0.067499145039673
0.20402861682027
0.34126449865574
0.34344103715817
0.24709896089417
0.11052284274933
-0.0052258532701436
-0.053154948011307
-0.011254863565658
0.11389031136021
0.29022868488673
0.46856026598008
0.59406141938052
0.61895978703212
0.51435822209108
0.27895661161639
-0.057680869858864
-0.43895862298674
-0.7923723100734
-1.0460797167443
-1.1469045254722
-1.0746089214092
-0.8478619667568
-0.51950635215399
-0.16206713555324
0.15212549618394
0.36990866900819
0.46942299634989
0.46188237303634
0.3832115460722
0.27947266749571
0.19179927991426
0.14595017935323
0.14918557232454
0.19398454702233
0.26541043955388
0.34793407343888
0.4284371770929
0.49487126990448
0.53283465515972
0.52353061653559
0.44598724403178
0.28432506663235
0.037746018233688
-0.27144589814636
-0.59652959829548
-0.87429891472783
-1.0411999741148
-1.0528825862272
-0.90022217646337
-0.61543312517279
-0.26492444596122
0.069589584771594
0.31556571149614
0.43133220353668
0.41754221438377
0.31432716201744
0.18517011883053
0.093457813087151
0.080238816105027
0.15101329166539
0.27596458394321
0.40310432160216
0.47905794324865
0.46953226782616
0.37188649206626
0.21540851931285
0.049536202091593
-0.07528546517029
-0.12675318319843
-0.10263006192742
-0.031094001241562
0.040449188038108
0.063826576743176
0.0089976916653445
-0.12376134054302
-0.30278156447346
-0.47526773435525
-0.58533116284674
-0.59335301562635
-0.48963879690686
-0.29770724437473
-0.066368220143421
0.14649415552777
0.29256416540441
0.34756442504857
0.31689020952866
0.23106276871512
0.13319999786844
0.06346447903099
0.046170715181964
0.083707671968499
0.15862640002395
0.24219760151598
0.30549347907299
0.32860075694065
0.304957249511
0.24013837485445
0.1467614722399
0.0385911097169
-0.073242769971078
-0.1805276131964
-0.27541688501886
-0.34734500606543
-0.38204402922925
-0.36437434923112
-0.28469216302987
-0.14623426649584
0.030108395757741
0.20671441196416
0.33707347860318
0.3789549623633
0.30870089474861
0.13147466927424
-0.11674493648449
-0.37707172463751
-0.58362538939757
-0.68250149181617
-0.64764498742372
-0.48834155583447
-0.24576895476183
0.020210967727828
0.24942815464446
0.39880693809992
0.45321498989535
0.42661540655624
0.35389767524608
0.27690565470637
0.2298174896597
0.22880153647569
0.26895966880539
0.3287346130758
0.37933145657662
0.39531706196893
0.36265121809258
0.28194578402422
0.16666390585732
0.037741398317568
-0.082869694014275
-0.17743749676526
-0.23524183149436
-0.25291462729009
-0.23324277998665
-0.18361752143017
-0.11482557689874
-0.040105170634542
0.026129309405941
0.070515402502534
0.083980400588385
0.065129613658776
0.022274202816988
-0.027376117380294
-0.062022146357968
-0.062344196210402
-0.01913534455715
0.061412356129236
0.1572626981161
0.23594072495642
0.26462529732746
0.22175132134311
0.10602792821589
-0.060658999123165
-0.23806963754308
-0.37902857560864
-0.44383920033263
-0.41287513872559
-0.29300706015088
-0.11556794220208
0.073492036050285
0.22789970254126
0.3149740365959
0.32455127757165
0.27015239465339
0.18255563321562
0.098355312688264
0.04759289359908
0.044740754017131
0.085693614871729
0.15105811186608
0.2140290453124
0.249708431654
0.24257421545185
0.19008395882341
0.10180276451207
-0.0050124496087705
-0.11123614130666
-0.20098227155225
-0.264640239184
-0.29932729002688
-0.30728992525851
-0.29348490260005
-0.26343088317056
-0.22200826803921
-0.17341396144664
-0.12183749963528
-0.072137558279122
-0.029994432329752
-0.0012442831283021
0.0095462579561336
0.00074856314339645
-0.025087841701777
-0.061018226607392
-0.096869646661709
-0.12172548023877
-0.1271392750275
-0.11011865937053
-0.074794897216872
-0.03190198049746
0.0041739767925752
0.020144979282161
0.0089567736484589
-0.026547062760209
-0.073095073113255
-0.11033952724075
-0.11746921238532
-0.08112385261042
-0.0018177920958726
0.10376335721712
0.20603244032062
0.27084602101834
0.27058963746251
0.19432231856694
0.05324048123009
-0.12083507385174
-0.28390090188668
-0.39267912735556
-0.41780983112658
-0.35287606688081
-0.21621487405423
-0.044903704017627
0.11704606747087
0.23225516255584
0.28077566270965
0.26473551596084
0.20563075788916
0.13561679881697
0.086132384410866
0.077812803735102
0.11486987142642
0.18536963783571
0.26669579976862
0.33380366558226
0.36725974423374
0.35850848660542
0.31104433909815
0.23774190699329
0.15582249618647
0.081424889403796
0.025541667570082
-0.0076940395212114
-0.020378028626396
-0.018603964755452
-0.009700026537809
7.651737156647e-005
0.0068221958383153
0.0091855768941762
0.007766575986447
0.0041731902365162
0.00015435513700383
-0.0029674760853141
-0.0045228284136443
-0.0044538868843526
-0.0031375555958234
-0.0011797343238984
0.00077452802950064
0.0021932630919131
0.0027608332569917
0.0024319817824973
0.0014219965425986


